  5.9580570e+002  1.2615777e+003
  4.5404404e+002  1.2153187e+003
  3.3168135e+002  1.1138472e+003
  2.8691451e+002  9.4224093e+002
  2.7796114e+002  6.9154663e+002
  3.3168135e+002  5.4381606e+002
  4.6448964e+002  4.0503886e+002
  7.2413730e+002  4.0503886e+002
  8.5396110e+002  5.2143264e+002
  9.1961920e+002  6.6020984e+002
  9.1961920e+002  9.3179534e+002
  8.9425130e+002  1.0765415e+003
  7.7636530e+002  1.2063653e+003
  2.3170207e+002  9.3627202e+002
  2.0036528e+002  8.3629275e+002
  1.9588860e+002  7.1393005e+002
  1.6007513e+002  5.2889378e+002
  2.1827202e+002  2.9162953e+002
  4.5852073e+002  1.5285233e+002
  7.8084200e+002  1.6777461e+002
  9.7035490e+002  2.9162953e+002
  1.0255674e+003  4.9755699e+002
  1.0210907e+003  6.8557772e+002
  1.0136295e+003  8.1689378e+002
  9.7483160e+002  9.2433420e+002
  4.3464508e+002  7.1393005e+002
  7.5995080e+002  7.0796114e+002
  3.1675907e+002  6.6319430e+002
  3.9584715e+002  6.2290415e+002
  5.0477979e+002  6.5125648e+002
  6.6743260e+002  6.5125648e+002
  7.9128760e+002  6.1245855e+002
  8.7783680e+002  6.6468653e+002
  6.0028240e+002  7.0796114e+002
  5.0627202e+002  9.3477979e+002
  6.0326680e+002  9.4522539e+002
  7.0175390e+002  9.3030311e+002
  4.4807513e+002  1.0213290e+003
  5.9729790e+002  1.0228212e+003
  7.5547410e+002  1.0228212e+003
  5.2268653e+002  1.0690803e+003
  5.9431350e+002  1.0795259e+003
  6.6892490e+002  1.0705725e+003
