   5.1200000e+02   4.6300000e+02
   4.6600000e+02   4.4700000e+02
   4.3200000e+02   4.1200000e+02
   4.1400000e+02   3.7200000e+02
   4.0700000e+02   2.8500000e+02
   4.5100000e+02   2.4300000e+02
   4.9300000e+02   2.1700000e+02
   5.6500000e+02   2.2200000e+02
   5.8800000e+02   2.5200000e+02
   6.0700000e+02   2.9600000e+02
   6.0400000e+02   3.6800000e+02
   5.8900000e+02   4.1100000e+02
   5.6400000e+02   4.4200000e+02
   4.0900000e+02   3.6900000e+02
   3.9200000e+02   3.4000000e+02
   3.8400000e+02   2.9600000e+02
   3.8200000e+02   2.4800000e+02
   3.8600000e+02   1.9300000e+02
   4.2000000e+02   1.4400000e+02
   5.1100000e+02   1.2500000e+02
   6.0000000e+02   1.4700000e+02
   6.3600000e+02   2.0400000e+02
   6.3500000e+02   2.9800000e+02
   6.2600000e+02   3.3600000e+02
   6.1100000e+02   3.6100000e+02
   4.6100000e+02   3.0000000e+02
   5.5100000e+02   2.9900000e+02
   4.2600000e+02   2.8100000e+02
   4.5600000e+02   2.7200000e+02
   4.8900000e+02   2.8000000e+02
   5.3600000e+02   2.8200000e+02
   5.6700000e+02   2.7000000e+02
   5.8900000e+02   2.8700000e+02
   5.0700000e+02   3.0400000e+02
   4.8500000e+02   3.6200000e+02
   5.0300000e+02   3.7700000e+02
   5.2800000e+02   3.5800000e+02
   5.0900000e+02   3.9400000e+02
   5.5000000e+02   3.8800000e+02
   4.8700000e+02   4.0100000e+02
   4.9200000e+02   4.1500000e+02
   5.0900000e+02   4.1700000e+02
   5.2800000e+02   4.1100000e+02
