  4.9000000e+002  4.4900000e+002
  4.4100000e+002  4.2700000e+002
  4.0300000e+002  3.9100000e+002
  3.8400000e+002  3.4500000e+002
  3.7600000e+002  2.5800000e+002
  3.8600000e+002  1.8600000e+002
  4.3800000e+002  1.3200000e+002
  5.3800000e+002  1.1800000e+002
  5.9700000e+002  1.7500000e+002
  6.1800000e+002  2.4600000e+002
  6.1600000e+002  3.4100000e+002
  5.9300000e+002  3.9000000e+002
  5.5100000e+002  4.2900000e+002
  3.7200000e+002  3.3800000e+002
  3.6000000e+002  3.0500000e+002
  3.5300000e+002  2.6600000e+002
  3.4200000e+002  1.6800000e+002
  3.7100000e+002  9.4000000e+001
  4.3000000e+002  5.8000000e+001
  5.6200000e+002  6.1000000e+001
  6.3300000e+002  1.1200000e+002
  6.5000000e+002  1.7300000e+002
  6.4900000e+002  2.4900000e+002
  6.4300000e+002  2.9400000e+002
  6.3200000e+002  3.2600000e+002
  4.3600000e+002  2.4000000e+002
  5.4900000e+002  2.3600000e+002
  3.9200000e+002  2.1500000e+002
  4.3100000e+002  2.0000000e+002
  4.6700000e+002  2.1100000e+002
  5.1000000e+002  2.0700000e+002
  5.5600000e+002  1.9400000e+002
  5.9900000e+002  2.1800000e+002
  4.9200000e+002  2.1900000e+002
  4.5900000e+002  2.9600000e+002
  4.9100000e+002  3.0800000e+002
  5.2700000e+002  2.9600000e+002
  4.5000000e+002  3.4400000e+002
  4.9500000e+002  3.3900000e+002
  5.4700000e+002  3.4700000e+002
  4.6900000e+002  3.6400000e+002
  4.9700000e+002  3.7200000e+002
  5.2900000e+002  3.6400000e+002
