  4.0500000e+002  4.5000000e+002
  3.7600000e+002  3.8100000e+002
  3.7100000e+002  2.7100000e+002
  4.0200000e+002  1.8700000e+002
  4.6900000e+002  1.1400000e+002
  5.6700000e+002  1.3000000e+002
  6.2800000e+002  2.0200000e+002
  6.5300000e+002  2.7400000e+002
  6.5300000e+002  3.6500000e+002
  6.2900000e+002  4.2900000e+002
  5.8900000e+002  4.7900000e+002
  5.2000000e+002  5.1700000e+002
  4.6100000e+002  5.0000000e+002
  3.6100000e+002  3.7000000e+002
  3.5300000e+002  3.3000000e+002
  3.3100000e+002  2.8000000e+002
  3.3400000e+002  2.1800000e+002
  3.4900000e+002  1.3200000e+002
  4.0300000e+002  2.5000000e+001
  5.4700000e+002  1.8000000e+001
  6.5700000e+002  7.0000000e+001
  6.9300000e+002  1.9200000e+002
  7.0300000e+002  2.7900000e+002
  6.7100000e+002  3.2800000e+002
  6.6600000e+002  3.6100000e+002
  4.6400000e+002  2.5900000e+002
  5.8800000e+002  2.6500000e+002
  4.0400000e+002  2.3800000e+002
  4.4200000e+002  2.2000000e+002
  4.9200000e+002  2.2600000e+002
  5.5900000e+002  2.3200000e+002
  6.0400000e+002  2.2900000e+002
  6.4000000e+002  2.5500000e+002
  5.3100000e+002  2.4400000e+002
  4.8600000e+002  3.3500000e+002
  5.3200000e+002  3.3200000e+002
  5.7000000e+002  3.4200000e+002
  4.6600000e+002  4.0700000e+002
  5.2800000e+002  3.9100000e+002
  5.7500000e+002  4.0500000e+002
  4.9300000e+002  4.2500000e+002
  5.2600000e+002  4.3200000e+002
  5.5700000e+002  4.2400000e+002
