   4.9079851e+02   4.6235821e+02
   4.3557463e+02   4.4743284e+02
   4.0572388e+02   4.1011940e+02
   4.0273881e+02   3.5788060e+02
   4.0124627e+02   2.8474627e+02
   4.1467910e+02   2.3400000e+02
   4.5199254e+02   2.1011940e+02
   5.2960448e+02   2.1459701e+02
   5.4900000e+02   2.4000000e+02
   5.7000000e+02   2.8800000e+02
   5.8700000e+02   3.6700000e+02
   5.6900000e+02   4.1500000e+02
   5.4400000e+02   4.4500000e+02
   3.8500000e+02   3.5600000e+02
   3.6600000e+02   3.4300000e+02
   3.6600000e+02   3.1700000e+02
   3.4900000e+02   2.3000000e+02
   3.7700000e+02   1.9400000e+02
   4.5300000e+02   1.4300000e+02
   5.3000000e+02   1.5300000e+02
   5.8600000e+02   1.9700000e+02
   6.1400000e+02   2.5600000e+02
   6.1900000e+02   2.9100000e+02
   6.2700000e+02   3.3800000e+02
   6.3400000e+02   3.7400000e+02
   4.3700000e+02   3.2300000e+02
   5.3700000e+02   3.1700000e+02
   4.1600000e+02   2.9400000e+02
   4.3000000e+02   2.9000000e+02
   4.5400000e+02   2.9200000e+02
   4.8700000e+02   2.9400000e+02
   5.2900000e+02   2.8200000e+02
   5.5900000e+02   2.8400000e+02
   4.8300000e+02   3.0900000e+02
   4.6100000e+02   3.6500000e+02
   4.8900000e+02   3.6100000e+02
   5.1700000e+02   3.5900000e+02
   4.4800000e+02   4.1000000e+02
   4.8800000e+02   3.9400000e+02
   5.3300000e+02   4.0900000e+02
   4.7400000e+02   4.2400000e+02
   4.9000000e+02   4.2500000e+02
   5.1500000e+02   4.1800000e+02
