 493   505
   443   483
   407   439
   394   361
   402   294
   415   253
   474   221
   557   215
   594   260
   617   312
   605   397
   586   447
   546   489
   390   409
   374   365
   374   317
   379   260
   401   194
   494   141
   566   162
   625   252
   629   314
   631   363
   616   408
   466   315
   552   314
   430   315
   454   291
   484   304
   527   304
   550   294
   577   315
   507   310
   476   364
   509   365
   535   366
   465   401
   505   401
   545   400
   485   411
   506   416
   523   410