   5.1112500e+02   4.4837500e+02
   4.4737500e+02   4.3587500e+02
   4.0987500e+02   4.0962500e+02
   3.9487500e+02   3.7337500e+02
   3.9737500e+02   2.8837500e+02
   4.0612500e+02   2.3337500e+02
   4.3612500e+02   1.9712500e+02
   5.4362500e+02   1.9337500e+02
   5.8987500e+02   2.2837500e+02
   6.1112500e+02   2.8212500e+02
   6.2112500e+02   3.6462500e+02
   6.0112500e+02   4.0837500e+02
   5.7112500e+02   4.4212500e+02
   3.7987500e+02   3.7587500e+02
   3.7987500e+02   3.4587500e+02
   3.7112500e+02   3.1587500e+02
   3.5862500e+02   2.2462500e+02
   3.8112500e+02   1.5462500e+02
   4.3737500e+02   1.0962500e+02
   5.5237500e+02   1.2212500e+02
   6.0362500e+02   1.6087500e+02
   6.3237500e+02   2.0962500e+02
   6.2823050e+02   2.9831550e+02
   6.2489550e+02   3.2632950e+02
   6.2756350e+02   3.5767850e+02
   4.5150000e+02   2.8733333e+02
   5.5550000e+02   2.8333333e+02
   4.1416667e+02   2.7266667e+02
   4.3750000e+02   2.6066667e+02
   4.6816667e+02   2.6466667e+02
   5.2883333e+02   2.5733333e+02
   5.5816667e+02   2.5333333e+02
   5.8750000e+02   2.6466667e+02
   5.0216667e+02   2.7866667e+02
   4.7815550e+02   3.3099850e+02
   5.0416850e+02   3.4767350e+02
   5.3751850e+02   3.3099850e+02
   4.5481050e+02   3.7301950e+02
   5.0683650e+02   3.6768350e+02
   5.4618950e+02   3.6768350e+02
   4.8082350e+02   3.8502550e+02
   5.0683650e+02   3.9169550e+02
   5.3551750e+02   3.8502550e+02
