   6.1650000e+02   1.1810000e+03
   4.6350000e+02   1.1210000e+03
   3.4650000e+02   1.0100000e+03
   3.1350000e+02   9.2900000e+02
   2.8650000e+02   6.8600000e+02
   3.3750000e+02   5.0900000e+02
   4.5150000e+02   4.1600000e+02
   6.9750000e+02   4.0700000e+02
   8.4450000e+02   5.4500000e+02
   8.9850000e+02   6.6800000e+02
   9.1650000e+02   9.2900000e+02
   8.5350000e+02   1.0310000e+03
   7.5450000e+02   1.1210000e+03
   2.7450000e+02   9.0800000e+02
   2.3250000e+02   8.0900000e+02
   2.4150000e+02   7.1000000e+02
   2.2950000e+02   5.0900000e+02
   3.1050000e+02   3.3800000e+02
   4.1850000e+02   2.3900000e+02
   6.8550000e+02   2.0300000e+02
   8.7750000e+02   3.3800000e+02
   9.7050000e+02   5.1200000e+02
   9.8250000e+02   7.1000000e+02
   9.9750000e+02   8.0600000e+02
   9.7050000e+02   9.2000000e+02
   4.6650000e+02   7.0700000e+02
   7.3950000e+02   6.9200000e+02
   3.4950000e+02   6.7100000e+02
   4.3650000e+02   6.2300000e+02
   5.3550000e+02   6.5000000e+02
   6.5550000e+02   6.4700000e+02
   7.5450000e+02   6.0800000e+02
   8.5350000e+02   6.4700000e+02
   6.0450000e+02   6.8900000e+02
   5.2350000e+02   8.7500000e+02
   6.0750000e+02   8.8400000e+02
   6.9450000e+02   8.6900000e+02
   5.0250000e+02   9.9500000e+02
   6.1350000e+02   9.7100000e+02
   7.2450000e+02   9.8300000e+02
   5.7450000e+02   1.0610000e+03
   6.1950000e+02   1.0670000e+03
   6.6150000e+02   1.0580000e+03