502   618
   357   587
   232   518
   223   369
   228   263
   233   155
   410   124
   583   127
   766   157
   765   268
   766   378
   768   520
   642   593
   143   447
    44   383
    47   228
    46   114
   124    33
   409    33
   589    34
   871    27
   958   121
   954   249
   952   386
   881   445
   369   289
   631   286
   316   250
   367   212
   432   245
   567   250
   624   215
   684   247
   500   305
   420   387
   498   409
   579   387
   391   450
   500   447
   606   449
   422   476
   499   491
   579   479